0.697 0.460
0.785 0.450
0.403 0.237
0.442 0.320
0.245 0.057
0.593 0.042
0.258 0.658
0.748 0.232
0.751 0.489
0.742 0.651
0.774 0.376
0.481 0.149
0.625 0.358
0.343 0.099
0.719 0.103
0.714 0.346
0.532 0.472
0.524 0.812
0.522 0.799
0.521 0.800
0.512 0.788
0.536 0.699
0.634 0.264
0.437 0.211
0.639 0.161
0.359 0.188
0.483 0.312
0.153 0.352
0.473 0.376
0.608 0.318
0.144 0.289
0.666 0.091
0.657 0.198
0.339 0.241
0.478 0.437
0.725 0.445
0.556 0.215
0.243 0.267
0.360 0.370
0.282 0.257
0.525 0.369
0.446 0.459